515
33142
33093
29539
19550
10355
8691
550587
23023
9352
13412
13850
20119
20251
21762
161288
96840
293629
64228
5705
3031
27993
8027695
829267
3599269
1425119
768377
1060964
2876867
1154324
1189076
788397
1779852
901732
809797
740853
414469
654563
698670
985964
1165270
1053970
494929
331104
370898
596421
996752
247916
1388422
984168
561545
787393
310673
682786
276247
1111774
376519
631160
217500
378354
517158
532837
749819
183628
231924
789257
1519666
348542
602033
430937
1178521
366195
114064
82961
71451
116862
103138
66213
51110
47624
47722
48897
34534
31275
42922
27464
29591
28001
26063
30113
23954
22241
31124
21829
36791
19981
19944
21847
59360
30611
38000
279511
294949
190035
101309
110517
111157
84393
79442
89193
64240
81036
94964
50026
56964
34687
200513
41905
22106
4434228
5850425
6074404
13679310
5430457
14188226
6099482
15566878
7708121
8934404
3280718
2207234
1931088
1859654
1457633
1350701
958372
399217
768238
505998
644143
728578
588373
499288
421929
434330
397241
508532
501640
578127
643031
610659
621890
575053
438292
225237
518970
234131
317239
567598
378114
359159
288189
238702
363269
414575
294044
254749
221780
234605
203858
272505
200541
244115
184262
229599
253583
234798
270523
222632
150782
209343
349893
293544
249462
165198
192499
152261
174099
147296
128636
163919
166836
143475
86656
138843
117095
185731
185182
261073
81101
116675
131469
152661
180206
126381
204794
332806
159600
64916
43073
82732
80722
84289
270629
474392
342872
307399
199927
138910
92090
98375
84371
76047
107421
96564
79463
55816
43922
63636
81449
96022
47759
64765
92738
114085
76337
53372
82511
69755
189675
325909
1546575
163084
486831
464366
104585
816160
774311
293445
228595
316362
283532
330296
189029
56578
26318
39611
8430
48680
17226
123554
61551
142275
13035
6923
3606
1271
1909
253
1421
2558
5168
3166
1935
6068
194
16198
27
166
60
41
79
3111
276
11
18884
92
219
81
9827
75
31
8
42
21
356
195
67
2359
12
8
1583
27
142
626
13
16
286
329
206
81
225
16
382
22
77
122
4674
1405
883
61
50
80
34
3874
41
243
47
204
13103
534
258
35
282
159
234
53
1863
24
57
65
486
153
209
43433
103
90
52
919
3446
399
165
81
5835
648
2737
179
479
2201170
5576832
5737808
1758347
1943603
1358329
2104155
1601859
813450
899541
1625661
742623
533657
423262
311413
247263
220932
2615082
1265710
519043
526395
