4.5184274
3.4502618
4.7794118
4.6415095
4.8723402
4.8117647
4.807229
4.9220543
4.814815
4.6551723
4.6300578
4.4084506
4.6363635
4.4653463
4.8482385
4.7916875
4.8213892
4.7091117
4.8271394
4.821229
4.8928571
4.9367814
4.9478459
4.9651623
4.8688378
4.8215714
4.8646722
4.8926258
4.8317437
4.8439336
4.8501658
4.8827348
4.8565164
4.8763514
4.8165832
4.8643022
4.898582
4.9326043
4.9156637
4.8537526
4.8861613
4.8460631
4.898169
4.892704
4.8823528
4.8418374
4.8583279
4.870316
4.8785949
4.8034115
4.674222
4.7823405
4.8801308
4.8775072
4.855464
4.8147125
4.8602862
4.7879505
4.8282738
4.6313167
4.7516413
4.8670945
4.8187256
4.9044371
4.8103189
4.8713188
4.8752275
4.9276595
4.8786068
4.9485092
4.8886266
4.8456726
4.9042735
4.8271604
4.8846154
4.9076376
4.9268928
4.8312235
4.8325582
4.9454546
4.8994975
4.8816566
4.8666668
4.8095236
4.9349594
4.909091
4.8938055
4.8431373
4.968504
4.9459457
4.7808218
4.8554215
4.6326532
4.8947368
4.8709679
5.0
4.8805971
4.9452057
4.8947368
4.9194632
4.9160838
4.9468851
4.9306788
4.9492331
4.928966
4.9484797
4.951335
4.9261436
4.916429
4.9479699
4.9461884
4.9089575
4.9055967
4.9111691
4.9391727
4.9566927
4.9884901
4.9102674
4.8940811
4.907496
4.96527
4.9559307
4.9074531
4.8887372
4.9491491
4.9619517
4.9471974
4.9022403
4.9382977
4.9500542
4.938889
4.9233198
4.9562564
4.948535
4.958385
4.9574814
4.9356875
4.9324985
4.8779635
4.9537673
4.9343061
4.9483261
4.9429235
4.9276237
4.977282
4.916245
4.9102859
4.9394541
4.9285851
4.9291053
4.9219856
4.9172063
4.9308681
4.9165983
4.9538045
4.9058881
4.9532661
4.8960571
4.8904767
4.9591398
4.9033332
4.9355211
4.9666448
4.8994093
4.9167356
4.8125901
4.9465828
4.9559903
4.9620919
4.9288344
4.8992805
4.9040318
4.8883963
4.9759817
4.9261918
4.9462271
4.7449822
4.9302769
4.9058442
4.9484921
4.9592214
4.9078546
4.8884587
4.9106088
4.9631557
4.8859706
4.910913
4.9392247
4.9710941
4.9274855
4.8621821
4.8821774
4.933126
4.7587371
4.8799033
4.8574915
4.9607563
4.9252801
4.8932562
4.9104476
4.9384022
4.9182897
4.8816066
4.8423581
4.8974886
4.8892455
4.8463798
4.8241959
4.9409285
4.940351
4.9229002
4.8811879
4.8960452
4.9454002
4.9088268
4.9163113
4.8624678
4.8449283
4.9264965
4.9283457
4.8998332
4.9291215
4.9476438
4.7857742
4.8809872
4.9486079
4.963871
4.9477978
4.9627509
4.8849254
4.9166665
4.9685659
4.9527745
4.8950553
4.8570185
4.9499373
4.9068217
4.9045553
4.9539523
4.9873252
4.9864483
4.9892001
4.9845796
4.9826055
4.9898143
4.9862161
4.9874935
4.9887948
4.9873452
4.9913454
4.9892521
4.9854555
4.9819989
4.983005
4.9308643
4.9796953
5.0
5.0
5.0
4.9807692
4.9707317
4.9440994
4.9732847
4.9698114
5.0
5.0
5.0
5.0
1.4848485
4.2727275
5.0
4.4666667
3.9629629
4.5999999
4.5294118
5.0
4.1864405
None
3.6666667
None
1.0
None
4.3333335
3.4000001
None
3.4251969
None
5.0
None
3.2962964
None
None
1.0
None
None
5.0
5.0
None
2.3333333
None
None
4.6666665
5.0
5.0
3.0
5.0
None
2.3333333
3.0
2.1428571
None
5.0
None
4.4285712
None
None
3.0
4.652174
3.3333333
3.7692308
5.0
None
None
None
4.826087
None
2.0
None
5.0
2.7358491
4.0
5.0
None
5.0
None
5.0
None
3.0
None
None
None
5.0
5.0
3.0
3.8761904
None
None
None
5.0
3.4545455
3.0
5.0
3.0
4.5932202
5.0
4.0
5.0
5.0
4.9491701
4.9448419
4.8871508
4.9535208
4.9366002
4.934473
4.9372449
4.9340463
4.967525
4.9640622
4.9137063
4.8855357
4.97087
4.9834671
4.9771247
4.9827414
4.9607968
4.9184155
4.9791589
4.9438477
4.958756
