515
117
257
193
182
81
79
7598
206
106
157
121
190
175
355
1893
1733
3277
1107
171
109
685
20204325
21853
47932
20090
10852
12616
32042
12586
14210
9867
20669
10220
8573
10024
5843
9978
11143
12016
14406
11443
7771
4535
4554
7360
13372
3641
17667
10815
6079
8428
3852
9908
3281
14144
5526
7985
3121
5102
8429
7536
8300
2574
3194
15644
23977
6461
9745
10429
8240
1844
571
310
303
550
376
227
206
217
194
164
145
120
121
86
110
98
126
146
69
80
89
74
90
72
65
72
407
146
140
8917
8959
5601
2489
2759
2923
2339
2062
2504
1540
2662
2896
1497
1619
1005
17326
1133
625
324371
316949
342459
581386
327316
371531
274484
465117
271832
278543
36617
34290
24559
49110
27927
28060
16940
6548
10836
4989
9065
11798
9169
6770
4884
9629
4255
8107
7938
10232
10641
9954
10740
9382
5964
2910
7761
3722
4348
7282
8333
4684
3418
4519
5117
5927
3967
3768
4045
8466
3202
4336
2929
3728
6125
3830
4550
3965
6708
4812
2913
4272
6107
5020
3806
2474
3033
2195
3176
2885
1679
2354
2603
2529
1667
2003
1976
5551
4728
4705
1441
3069
2062
2295
2998
1901
2423
3931
2110
934
1123
2137
980
862
10261
6388
4820
3005
1810
1656
932
1168
1275
1508
1131
1337
922
768
605
1383
844
1034
505
837
965
1106
789
587
900
1288
7550
12061
82741
6460
28391
22327
7519
50695
41294
24262
24442
24868
24662
4203
2578
398
196
567
114
571
207
1221
635
1636
263
140
98
74
6
4
9
15
13
20
9
30
5
94
None
2
None
None
None
10
3
None
77
None
3
None
31
None
None
None
None
None
3
2
None
5
None
None
11
2
3
2
2
None
2
2
2
None
3
None
6
None
None
2
21
7
9
2
None
None
None
22
None
2
None
2
46
3
2
None
2
None
2
None
3
None
None
None
6
2
2
151
None
None
None
11
27
2
3
2
53
10
18
4
5
62699
177509
125037
41084
68425
32964
77860
48196
19181
24046
42360
8079
10360
20239
13909
3000
6163
43082
67398
20649
17373
