515
74
15
19
6
4
4
151
10
10
16
21
19
27
14
104
81
257
50
8
3
11
15289
192
1625
938
380
348
1407
511
553
298
769
326
412
352
152
171
240
456
422
458
203
125
138
303
491
122
553
559
539
485
119
313
123
687
200
447
140
518
558
259
394
63
159
520
772
119
305
136
236
74
14
14
9
13
7
10
9
3
5
5
5
6
2
2
3
4
2
2
4
3
9
2
3
None
2
2
11
3
3
120
158
72
45
36
36
44
44
33
21
62
70
34
25
11
50
26
17
7679
2776
3815
13770
9365
4784
2636
6222
6810
4364
463
532
480
543
364
295
182
107
186
157
106
197
120
98
90
55
91
186
122
186
192
198
227
165
127
34
187
44
116
205
86
116
56
38
132
126
195
51
45
81
58
112
72
107
37
72
62
270
119
116
38
44
144
144
87
23
89
50
49
21
31
84
79
43
107
62
73
55
90
129
33
48
43
70
123
50
69
157
97
14
17
42
30
23
142
149
103
107
73
31
17
30
23
20
64
41
12
7
8
13
25
22
4
10
26
41
10
14
22
15
24
41
224
25
124
57
26
159
116
77
53
67
90
19
11
7
2
None
None
None
2
9
9
11
2
None
None
None
None
29
2
None
2
7
2
4
None
24
None
2
None
2
None
2
2
None
50
None
None
None
23
None
None
2
None
None
None
None
None
10
None
None
2
None
None
2
None
None
2
2
5
None
None
None
2
None
None
2
2
5
4
None
None
None
None
2
None
3
None
None
60
2
None
None
None
None
None
None
3
None
None
None
None
None
2
59
None
None
None
None
17
2
None
2
6
None
6
None
None
807
2482
3630
483
1102
549
1241
808
157
218
934
238
76
84
80
13
61
897
353
294
181
