20190314
20190324
20190324
20190328
20190404
20190409
20190414
20190423
20190426
20190603
20190605
20190608
20190611
20190617
20190626
20190909
20190910
20190912
20191220
20200209
20200215
20200218
2016-07-26 00:00:00
20160218
20160331
20160407
20160414
20160421
20160428
20160505
20160512
20160519
20160526
20160602
20160609
20160616
20160623
20160708
20160714
20160721
20160728
20160804
20160811
20160818
20160901
20160908
20160915
20160922
20160929
20161007
20161014
20161020
20161027
20161104
20161118
20161201
20161208
20161216
20161222
20170106
20170113
20170119
20170126
20170202
20170216
20170223
20170303
20170309
20170320
20170324
20081216
20081217
20081217
20090105
20090105
20090106
20090107
20090110
20090116
20090116
20090121
20090129
20090304
20090304
20090304
20090304
20090304
20090318
20090317
20090317
20090317
20090317
20090317
20090330
20090330
20090330
20090330
20090330
20090330
20090330
20090330
20200422
20200430
20200506
20200520
20200527
20200609
20200624
20200708
20200723
20200805
20200819
20200903
20200916
20200930
20201014
20201028
20201111
20201203
20200929
20200712
20200510
20191013
20200621
20180812
20181023
20180301
20190113
20181125
20180816
20180630
20180701
20180702
20180702
20180703
20180703
20200128
20180704
20181104
20180704
20180705
20180706
20180706
20181022
20190529
20180707
20180707
20180708
20180709
20180710
20180711
20180711
20180712
20180714
20180813
20180715
20190315
20190315
20180718
20180720
20180720
20180722
20180723
20180723
20180727
20180730
20180730
20180801
20180801
20180802
20190313
20180802
20180803
20180805
20180805
20180807
20190317
20180811
20180812
20180813
20180814
20180815
20180817
20180819
20180821
20180824
20180826
20180827
20180828
20180828
20180829
20180906
20180907
20200221
20190321
20190324
20180909
20180912
20180916
20180924
20180925
20181015
20181020
20181023
20181025
20181101
20181104
20181113
20181115
20200220
20200130
20181219
20181220
20190219
20190426
20190502
20190508
20190509
20190511
20190512
20190513
20190514
20190604
20190516
20190517
20190519
20190520
20190522
20190523
20190522
20190524
20190524
20190525
20190525
20190531
20190531
20190601
20190602
20190603
20190612
20190623
20190707
20190714
20191111
20200416
20200506
20200415
20200323
20200402
20201024
20200726
20200707
20190525
20200507
20200611
20200818
20200713
20201025
20200522
20200911
20181130
20200504
20180312
20200926
20201031
20201120
20201207
20160419
20160416
20151025
20151021
20151017
20160502
20160518
20160627
20171226
20160502
20170410
20170423
20170423
20170426
20170426
20170513
20170529
20170531
20170531
20170612
20170621
20170704
20170730
20170730
20170804
20170810
20170812
20170814
20170817
20170818
20170820
20170821
20170828
20170831
20170831
20170903
20170913
20170919
20170920
20170923
20170927
20171002
20171009
20171010
20171010
20171012
20171017
20171018
20171020
20171021
20171021
20171021
20171021
20171027
20171103
20171103
20171120
20171120
20171123
20171126
20171203
20171203
20171207
20171207
20171208
20171211
20171211
20171215
20171216
20171217
20171219
20171219
20171220
20171223
20171223
20171225
20171228
20180102
20180108
20180116
20180121
20180324
20180523
20180529
20180616
20180626
20180630
20180708
20180721
20180921
20190404
20200501
20191025
20190519
20171031
20191111
20170928
20200117
20191224
20191129
20170330
20200322
20180813
20190602
20190607
20190703
20180611
20190121
20200605
20200703
20201009
20201026
